Solved:

July
25.07 - 88,118,66,26,27
26.07 - 209,16
27.07 - 31,162,153
28.07 - 128,268,122
29.07 - 120,34,35
30.07 - 106
31.07 - 216

Aug
1.08 - 105
2.08 - 204,1,290,349,242,350
3.08 - 202,219,205,94,49
4.08 - 6,38
5.08 - 20,125,28,67
6.08 - 58,14,227
7.08 - 22,234,19,21,160,203,206,237
8.08 - 24,143
9.08 - 8,9,7,168,223,278

Need attention at:
189,289,16,216,18,153,152,128,120,34,
106,94,6,67,227,22,234,19,160,206,24,
143,8,9,168

Need to be done:
90 (weird problem),76,172,198

172
http://www.geeksforgeeks.org/count-trailing-zeroes-factorial-number/
